0,1,00:00:00,1,50
2,5,01:01:54,3
1,2,02:00:00,1,49
3,1,02:22:23,1,58
2,9,03:04:55,1,78
2,2,03:43:17,1,78
0,1,04:10:42,1,110
3,7,05:36:26,3
1,3,06:10:42,1,89
0,2,07:09:43,1,81
3,4,08:20:01,1,72
0,4,08:52:31,2,3000
4,9,09:01:50,1,77
1,6,09:20:01,2,2876
4,4,09:44:01,2,2873
4,2,10:00:23,1,95
2,9,10:13:42,1,111
2,1,11:20:22,1,66
0,7,11:46:13,2,2898
3,7,12:36:06,2,2988
1,2,12:59:18,1,77
4,3,13:10:42,1,88
1,1,14:17:18,1,85
4,5,15:46:06,1,91
2,4,16:06:33,2,1867
3,4,16:20:01,2,3001
1,3,17:36:06,3
0,2,17:41:55,1,72
4,6,18:31:25,1,85
4,6,19:01:23,1,86
2,9,19:42:55,1,72
1,7,20:17:21,2,1058
1,2,20:41:55,1,72
3,1,21:12:42,1,68
2,2,21:21:35,1,73
2,7,22:20:01,2,1156
4,2,22:41:34,1,72
4,5,22:46:46,1,75
4,9,23:50:59,9
3,9,23:52:56,9
2,9,23:53:57,9
1,9,23:55:58,9
0,9,23:59:59,9
